Sat.UTCGregorian           Sat.EarthMJ2000Eq.X       Sat.EarthMJ2000Eq.Y       Sat.EarthMJ2000Eq.Z       Sat.Earth.RadApo          Sat.Earth.RadPer          Sat.Earth.Energy          Sat.Earth.SMA             Sat.Earth.SemilatusRectum   Sat.Earth.HMAG            Sat.EarthMJ2000Eq.VX      Sat.EarthMJ2000Eq.VY      Sat.EarthMJ2000Eq.VZ      
13 Sep 2024 11:29:10.811   60339.78352496152         -60624.87469585268        55567.39234724753         102000                    18000                     -3.321670345833334        60000                     30599.99999999999           110440.8145112123         0.1235197033487428        0.7910542254079151        0.7289240941653694        
13 Sep 2024 11:29:11.811   60339.90703333331         -60624.08363024167        55568.12126089891         102000.0000000034         17999.99964148434         -3.321670355757163        59999.99982074388         30599.99948194501           110440.8135763362         0.1234970402172005        0.7910769965692083        0.7289032085555651        
13 Sep 2024 11:29:14.820   60340.2785693249          -60621.70294575807        55570.31464864888         102000.0000000551         17999.99856265588         -3.321670385618337        59999.99928135548         30599.9979230402            110440.8107631545         0.1234288399649929        0.7911455198425185        0.7288403560137342        
13 Sep 2024 11:29:23.286   60341.3226697714          -60615.00452254961        55576.48405011086         102000.0000005332         17999.99552810724         -3.321670469603193        59999.9977643202          30599.99353813871           110440.8028502113         0.1232369774542532        0.7913382743905724        0.7286635265892966        
13 Sep 2024 11:29:48.196   60344.38547614014         -60595.2851916446         55594.62860596611         102000.0000047887         17999.98660248679         -3.32167071655184         59999.99330363775         30599.98064080675           110440.7795758298         0.1226724096021024        0.791905324257126         0.7281430985861589        
13 Sep 2024 11:31:01.065   60353.26430235388         -60537.51951735723        55647.63209495192         102000.0000416642         17999.96052193626         -3.32167143745635         59999.98028180022         30599.94295605401           110440.711570317          0.1210207220730432        0.7935630488119664        0.7266197231232456        
13 Sep 2024 11:34:40.186   60379.23819089253         -60363.08789788364        55806.347059454           102000.0003722287         17999.8823609281          -3.321673591851469        59999.9413665784          30599.83002812457           110440.5077814993         0.1160524704280588        0.7985384666718027        0.722030046855239         
13 Sep 2024 11:45:41.990   60451.07318864724         -59829.66077329211        56279.58228738882         102000.0033813204         17999.64872201222         -3.321679975844948        59999.82605166631         30599.49255397611           110439.8987761708         0.1010321737156444        0.8134802692823143        0.7080869925977247        
13 Sep 2024 12:16:32.231   60599.06446980831         -58286.34460306173        57553.1897308153          102000.0280218679         17999.01523835257         -3.321696829162434        59999.52163011022         30598.57826860839           110438.2488413304         0.05890069701136125       0.8545924950849906        0.6684403619781057        
13 Sep 2024 13:01:32.231   60674.60602159509         -55899.76678191924        59277.87272192841         102000.1078107581         17998.14451236511         -3.321718723258366        59999.12616156159         30597.32362953909           110435.9846583199         -0.00304947650178859      0.9129238033689738        0.6087198733670556        
13 Sep 2024 13:46:32.231   60581.93818640873         -53358.22050679088        60838.10715222803         102000.241046948          17997.33967992136         -3.321737314081926        59998.79036343466         30596.16659662757           110433.8965790092         -0.06573237411482069      0.9694047981326023        0.5465871575398599        
13 Sep 2024 14:31:32.231   60318.80544472129         -50666.54527349967        62227.04300684453         102000.4292126724         17996.60255770425         -3.321752510201686        59998.51588518832         30595.10986519046           110431.9894777139         -0.1293555050587133       1.024146632454631         0.4817859351816963        
13 Sep 2024 15:16:32.231   59882.37241046219         -47829.31844075922        63437.08152278465         102000.6737191567         17995.93434610798         -3.321764239229214        59998.30403263232         30594.15523662747           110430.2666149061         -0.1941415599893162       1.077232206466679         0.4140167077119296        
13 Sep 2024 16:01:32.231   59269.17713088572         -44850.93312816406        64459.74830228657         102000.9759547211         17995.33566834704         -3.321772445407171        59998.15581153407         30593.30367703298           110428.7297428025         -0.2603327550145364       1.128714731507349         0.3429288625372315        
13 Sep 2024 16:46:32.231   58475.07163641342         -41735.68206906363        65285.54208445601         102001.3373233327         17994.80660385115         -3.321777087619408        59998.07196359192         30592.55536713533           110427.3791953487         -0.3281959696361931       1.178614698188612         0.2681104389312807        
13 Sep 2024 17:31:32.231   57495.14726533968         -38487.85227304541        65903.75196360216         102001.759273883          17994.34671531866         -3.321778137832819        59998.05299460085         30591.90974266934           110426.2139609801         -0.3980289351637581       1.226914810239101         0.1890748508821908        
13 Sep 2024 18:16:32.231   56323.64149639601         -35111.83685287392        66302.23357147499         102002.243319781          17993.95506879627         -3.321775579999906        59998.09919428862         30591.36552424783           110425.2317364698         -0.4701678077032846       1.273552194608064         0.1052435706347507        
13 Sep 2024 19:01:32.231   54953.8219842546          -31612.27270889698        66467.13151384391         102002.7910475066         17993.63024608184         -3.321769409479028        59998.21064679424         30590.92073565442           110424.4289599152         -0.5449965659477737       1.318406818158908         0.01592335194405362       
13 Sep 2024 19:46:32.231   53377.84211932122         -27994.21639313497        66382.53072198706         102003.404111424          17993.37034861236         -3.321759633070385        59998.38723001817         30590.57270922355           110423.8008204497         -0.6229588184366031       1.361284446735537         -0.07972405780362833      
13 Sep 2024 20:31:32.231   51586.56060475951         -24263.37615627598        66030.01264601928         102004.0842101212         17993.17299178706         -3.321746269827751        59998.62860095414         30590.31807657581           110423.3412415534         -0.7045727993147439       1.401891524735095         -0.182722720862368        
13 Sep 2024 21:16:32.231   49569.3151104351          -20426.42721797021        65388.08226381728         102004.8330363955         17993.03528837816         -3.321729352901417        59998.93416238685         30590.15274240622           110423.0428338015         -0.7904505867067554       1.439797766215856         -0.2943383051561023       
13 Sep 2024 22:01:32.231   47313.63685624161         -16491.45198918664        64431.4168951922          102005.6521879292         17992.95381928105         -3.321708932819184        59999.30300360512         30590.07183821409           110422.8968114351         -0.8813228943231639       1.474379539490411         -0.4161556751514362       
13 Sep 2024 22:46:32.231   44804.8888664066          -12468.57147668057        63129.86479367586         102006.5430173088         17992.92458933367         -3.321685082858949        59999.73380332125         30590.06965173338           110422.8928650969         -0.9780711274784827       1.504732353366919         -0.5501888295783386       
13 Sep 2024 23:31:32.231   42025.80572425595         -8370.876223750443        61447.08535552192         102007.5063857091         17992.94296528839         -3.321657907580883        60000.22467549874         30590.13952624164           110423.0189802222         -1.08176860355815         1.529532040166972         -0.6990399236127313       
14 Sep 2024 00:16:32.231   38955.90785477951         -4215.840123443139        59338.66475862014         102008.5422593076         17993.0035922803          -3.321627556306397        60000.77292579396         30590.27372172325           110423.2611866029         -1.193732409538873        1.546807689624341         -0.8661345411170639       
14 Sep 2024 01:01:32.231   35570.76208172121         -27.53932780284123        56749.4455136899          102009.6490414199         17993.10028446681         -3.321594244624651        60001.37466294336         30590.46322682192           110423.6032191521         -1.315584776234885        1.553556559761384         -1.056078294078913        
14 Sep 2024 01:46:22.201   31855.60742052045         4144.234903609613         53622.43458252618         102010.8179727306         17993.22537518046         -3.321558427363927        60002.02167395553         30590.69656792197           110424.0243686411         -1.448791905490085        1.545130638271347         -1.274332833406001        
14 Sep 2024 02:22:53.268   28552.86359944587         7507.575568024386         50610.58191005993         102011.8130843786         17993.34282377554         -3.321527633404923        60002.57795407707         30590.91104897127           110424.4114768432         -1.567620319567859        1.521962441385008         -1.479538408662804        
14 Sep 2024 02:59:12.996   24997.45903135113         10781.2819272536          47135.29281672884         102012.8325615489         17993.46815477246         -3.321495947468937        60003.15035816069         30591.13801721781           110424.8211212065         -1.696516465512398        1.477550117609836         -1.715078133741474        
14 Sep 2024 03:32:19.279   21502.45862258644         13654.1223273743          43487.15355692091         102013.7757045955         17993.58498101001         -3.321466610237775        60003.68034280273         30591.3492620375            110425.2023857274         -1.824334049522363        1.409891405022211         -1.964508362570943        
14 Sep 2024 04:02:07.662   18130.25414296854         16097.39203749947         39746.45972444451         102014.6224668321         17993.68825443467         -3.321440316127737        60004.15536063338         30591.5365865863            110425.5404767244         -1.948291468070616        1.316229417841257         -2.225242090024509        
14 Sep 2024 04:26:01.087   15262.79689843086         17911.19970598656         36388.51451532002         102015.2867839121         17993.76707560949         -3.321419748601533        60004.52692976079         30591.68036921537           110425.7999807841         -2.0533120281667          1.20874588657206          -2.465036913101048        
14 Sep 2024 04:46:43.668   12653.17720566095         19338.57862239221         33182.50797943988         102015.8408557157         17993.83082042308         -3.321402649743709        60004.8358380694          30591.79740637408           110426.0112132067         -2.147326330637989        1.082732467134067         -2.699712160407935        
14 Sep 2024 05:05:02.324   10247.97122962451         20451.35082240402         30091.42029682666         102016.303451877          17993.88247056038         -3.321388417459962        60005.09296121867         30591.89285117001           110426.1834747405         -2.231013905679442        0.9366831054673566        -2.931364088435985        
14 Sep 2024 05:21:28.577   8011.262416963881         21295.57796338234         27088.86935151115         102016.6870683177         17993.92425675464         -3.321376644106182        60005.30566253616         30591.97048934361           110426.3235981681         -2.304182773483547        0.7686101643372593        -3.161021489485453        
14 Sep 2024 05:36:25.437   5916.540426978279         21901.74941263818         24153.02518153789         102017.0005439747         17993.95792890924         -3.321367036578266        60005.47923644199         30592.03324730648           110426.4368652681         -2.365968117578725        0.5759585421746465        -3.389020473394182        
14 Sep 2024 05:50:09.277   3946.571471726969         22288.80388352487         21269.10425459496         102017.2498211714         17993.98484826923         -3.321359392709413        60005.61733472029         30592.08335953721           110426.5273089593         -2.41475240410017         0.3559169783708065        -3.614667914617583        
14 Sep 2024 06:03:50.277   1948.398168874565         22473.54251391985         18204.28497239766         102017.451540541          17994.00758722467         -3.321353180746224        60005.72956388285         30592.12529189412           110426.6029893717         -2.450093476191184        0.08436803805950635       -3.853456944609556        
14 Sep 2024 06:16:29.051   82.74361578806364         22424.2181909059          15193.74301638972         102017.5867058148         17994.02484003132         -3.321348962535422        60005.80577292304         30592.15630319596           110426.6589591975         -2.463645174597355        -0.2247404634116965       -4.082699857861034        
14 Sep 2024 06:26:38.637   -1417.355596285445        22198.98031682497         12648.43956762353         102017.6525822825         17994.03606993755         -3.321346828600152        60005.84432611004         30592.1754947657            110426.6935965172         -2.454464650101477        -0.5222065184659316       -4.267844933096485        
14 Sep 2024 06:36:43.477   -2893.030988460426        21781.28484347924         10012.84788723679         102017.6743830937         17994.04495592644         -3.321345979337208        60005.85966951008         30592.18931715775           110426.7185434334         -2.420239840431294        -0.8679033194148876       -4.445416810744635        
14 Sep 2024 06:45:53.693   -4209.548118989673        21206.03592394437         7525.435235996887         102017.6520347154         17994.05119248987         -3.321346425234651        60005.85161360262         30592.19732553805           110426.732997108          -2.359904306186265        -1.231158676800956        -4.593112248632143        
14 Sep 2024 06:54:12.985   -5367.789729244339        20500.09516155969         5202.834575524188         102017.5940183943         17994.05545557117         -3.321347912866324        60005.82473698272         30592.20087811822           110426.7394088706         -2.274134562507977        -1.603432517943215        -4.706274825665712        
14 Sep 2024 07:01:53.552   -6390.862776429646        19675.59302147074         3016.316782615817         102017.5072030479         17994.05833983403         -3.321350235678528        60005.78277144097         30592.20114314993           110426.7398872047         -2.162943207535238        -1.982470134223745        -4.78341021160917         
14 Sep 2024 07:09:06.650   -7299.110405992652        18734.5900345512          934.7999499815946         102017.3962634072         17994.06026029042         -3.321353252814593        60005.72826184879         30592.1989305945            110426.7358939437         -2.025608209045337        -2.367132679090398        -4.822601165683333        
14 Sep 2024 07:16:01.894   -8107.177315664928        17671.45547375737         -1068.869562970044        102017.264304805          17994.06150082596         -3.32135687048045         60005.66290281546         30592.19479034445           110426.7284215434         -1.86079867517911         -2.75606345648825         -4.820812449409249        
14 Sep 2024 07:22:48.092   -8824.690432519055        16472.67066484698         -3019.135556535161        102017.1133083623         17994.06225938295         -3.321361028373509        60005.58778387261         30592.18909753882           110426.718147061          -1.666548941863198        -3.147352932072006        -4.7736244715254          
14 Sep 2024 07:29:34.374   -9456.82180004289         15114.29603752868         -4940.331617744842        102016.9443428029         17994.06267804045         -3.321365692988241        60005.50351042167         30592.18210555865           110426.7055278028         -1.440033351950416        -3.538381724695912        -4.674768399609262        
14 Sep 2024 07:36:26.244   -9997.455894141769        13577.47627912032         -6835.362529140516        102016.760110577          17994.06286257917         -3.321370786609457        60005.41148657809         30592.17408878177           110426.6910589703         -1.180665869240568        -3.920645388040243        -4.517596821296479        
14 Sep 2024 07:43:01.760   -10411.33579779706        11958.52184991144         -8583.273172231131        102016.5772768614         17994.06290705827         -3.321375845417819        60005.32009195985         30592.16593244339           110426.6763382526         -0.9091317239752281       -4.260267412202272        -4.312367614363073        
14 Sep 2024 07:47:50.058   -10643.68983160632        10697.57255093465         -9801.025875308196        102016.4443881619         17994.06290759292         -3.321379523191965        60005.25364787742         30592.15995822182           110426.6655558604         -0.7018004087881943       -4.4833500385547          -4.131324307218051        
