sat.Earth.TA              sat.Earth.SMA             sat.Earth.ECC             sat.EarthMJ2000Eq.INC     sat.EarthMJ2000Eq.RAAN    sat.EarthMJ2000Eq.AOP     sat.EarthMJ2000Eq.FPA     sat.Earth.EA              sat.Earth.MA              sat.EarthMJ2000Eq.VX      sat.EarthMJ2000Eq.VY      sat.EarthMJ2000Eq.VZ      sat.EarthMJ2000Eq.HX      sat.EarthMJ2000Eq.HY      sat.EarthMJ2000Eq.HZ      
1.478779333471098e-06     51025.09040000012         0.7000000000000005        29.99999999999995         59.99999999999999         90.00000000000006         89.99999950282778         6.212115747995376e-07     1.863634724398609e-07     -3.326678457723527        -5.761976252074468        -4.12379492570672e-08     44100.80359837319         -25461.61082899959        88201.60719674655         
1.494064997135913         51025.09040000012         0.7000000000000005        29.99999999999995         60.00000000000001         90.00000000000006         89.38480400378627         0.6276621278919481        0.1883074260973505        -3.249479879442746        -5.805010485855564        -0.05102224360728224      44100.80359837319         -25461.61082899958        88201.60719674657         
6.286545968754487         51025.09040000026         0.7000000000000014        29.99999999999994         59.99999999999999         90.00000000000007         87.41196202095887         2.643061318889866         0.7935745062343255        -2.99349274693581         -5.927165804259134        -0.2142790128423725       44100.8035983732          -25461.61082899959        88201.60719674658         
13.25326422846432         51025.09040000652         0.7000000000000401        29.99999999999995         60.00000000000001         90.0000000000034          84.54785123338111         5.588008885607794         1.682600874984314         -2.601623908633478        -6.060223296649566        -0.4486238215181944       44100.80359837356         -25461.61082899979        88201.60719674728         
20.44796052209126         51025.09040000847         0.7000000000000488        29.99999999999995         60.00000000000001         90.00000000001094         81.59903307846965         8.665652929325379         2.622795702440943         -2.177908210390234        -6.140463926658145        -0.6836451453075149       44100.80359837388         -25461.61082899998        88201.60719674795         
27.60137223825786         51025.09040000119         0.6999999999999954        29.99999999999994         60.00000000000001         90.00000000001967         78.68139311609195         11.78275676176668         3.592839835182819         -1.743994763574772        -6.16142051584533         -0.9066515149195037       44100.80359837395         -25461.61082900002        88201.60719674811         
34.84863512680494         51025.09039998016         0.6999999999998492        29.99999999999994         60.00000000000001         90.00000000002926         75.74575868320817         15.02136539529644         4.626452686984397         -1.298478716811014        -6.122505310309792        -1.118175686105626        44100.80359837371         -25461.61082899987        88201.60719674763         
42.09954969245937         51025.09039994521         0.6999999999996102        29.99999999999994         60.00000000000001         90.00000000003585         72.83559687028232         18.36754351436372         5.729353233761793         -0.8538799619195616       -6.023608927588094        -1.311926136958225        44100.80359837308         -25461.61082899951        88201.60719674636         
48.57539070616526         51025.09039993022         0.6999999999995086        29.99999999999995         60.00000000000001         90.00000000003607         70.2653830395146          21.46799822113097         6.789561590590727         -0.4635698132935615       -5.885850116473336        -1.467313667931051        44100.80359837276         -25461.61082899933        88201.60719674571         
54.47708721450331         51025.09039992349         0.6999999999994631        29.99999999999995         59.99999999999999         90.00000000003514         67.95216848003773         24.40476980317755         7.833330984359724         -0.117810669840026        -5.721202069564949        -1.592663442555767        44100.80359837261         -25461.61082899924        88201.6071967454          
60.01828251474131         51025.09039991987         0.6999999999994387        29.99999999999995         60.00000000000001         90.00000000003396         65.81051336111355         27.27571649713409         8.895744642971373         0.1948136651345072        -5.534263210496878        -1.695011009740558        44100.80359837251         -25461.61082899919        88201.60719674522         
65.30955981956167         51025.09039991793         0.699999999999426         29.99999999999994         59.99999999999999         90.00000000003277         63.79769909585029         30.13595327287656         10.00006968300419         0.4797292453847881        -5.328148303287684        -1.777968551285087        44100.80359837245         -25461.61082899916        88201.60719674508         
70.41456863972071         51025.0903999173          0.6999999999994215        29.99999999999994         59.99999999999999         90.00000000003166         61.89064644002949         33.02140323939898         11.16497693184125         0.7397007755282367        -5.105393536344647        -1.843650554027893        44100.80359837243         -25461.61082899914        88201.60719674504         
75.37543447138066         51025.09039991741         0.6999999999994225        29.99999999999994         60.00000000000001         90.00000000003054         60.07564397342361         35.96001888432937         12.40833645195758         0.976316098526455         -4.86814031200189         -1.893469109056803        44100.80359837243         -25461.61082899913        88201.60719674504         
80.22272913893492         51025.09039991834         0.6999999999994292        29.99999999999994         60.00000000000001         90.00000000002949         58.34440408178543         38.97631983733002         13.74902239455034         1.19054865198774          -4.618245112733709        -1.928446855504106        44100.80359837245         -25461.61082899914        88201.60719674508         
84.97735482503714         51025.09039992024         0.6999999999994414        29.99999999999994         60.00000000000001         90.00000000002866         56.69327140754326         42.09179268839443         15.20722468542377         1.382901817076978         -4.35750994062842         -1.949355677147629        44100.8035983725          -25461.61082899917        88201.60719674517         
89.649969233229           51025.09039992266         0.6999999999994582        29.99999999999994         60.00000000000001         90.00000000002792         55.12326186639409         45.32355700589861         16.80389355143586         1.553486184789677         -4.087952048380663        -1.956833200178263        44100.80359837256         -25461.6108289992         88201.60719674529         
94.23636051345673         51025.09039992588         0.6999999999994791        29.99999999999994         60.00000000000001         90.00000000002757         53.6412164050606          48.67942636042793         18.55794844373361         1.702032027403523         -3.812268566815995        -1.951523155338939        44100.80359837264         -25461.61082899926        88201.60719674546         
98.96481107400329         51025.09039993185         0.6999999999995195        29.99999999999995         60.00000000000001         90.00000000002747         52.18473848430506         52.35279871007293         20.59657233657312         1.83457353995332          -3.518412763425958        -1.932965048018752        44100.80359837283         -25461.61082899936        88201.60719674581         
103.3264376043546         51025.09039993533         0.6999999999995421        29.99999999999994         60.00000000000001         90.00000000002781         50.91655402052883         55.95601376544538         22.72299353965805         1.937511752319525         -3.240391542141876        -1.904176340727458        44100.80359837294         -25461.61082899942        88201.60719674604         
107.8676947137451         51025.09039994166         0.6999999999995834        29.99999999999994         59.99999999999999         90.0000000000291          49.68653882613674         59.95221726066099         25.23523288458072         2.024325666097951         -2.945602730634424        -1.862485097777712        44100.80359837314         -25461.61082899956        88201.6071967465          
112.3194368815058         51025.09039994741         0.6999999999996209        29.99999999999994         60.00000000000001         90.00000000003094         48.58653621555277         64.13928032110934         28.04867348691535         2.088745932003019         -2.65312047556653         -1.810262876381927        44100.80359837339         -25461.61082899968        88201.60719674696         
116.6335810082209         51025.09039995165         0.699999999999648         29.99999999999994         60.00000000000001         90.00000000003307         47.63937529817148         68.47997669634593         31.16881608960928         2.131267026866808         -2.368045976891986        -1.749229504539399        44100.80359837358         -25461.61082899979        88201.60719674733         
120.7738401237691         51025.09039995407         0.6999999999996631        29.99999999999995         60.00000000000001         90.00000000003506         46.86156996455674         72.93537638095056         34.59406814536757         2.153419711455996         -2.094465359242914        -1.681329925211616        44100.80359837371         -25461.61082899988        88201.6071967476          
124.7301256463456         51025.09039995504         0.6999999999996684        29.99999999999995         60.00000000000001         90.00000000003666         46.26165342611213         77.48395199184394         38.3300363906232          2.157407042510228         -1.83437793943838         -1.60824281982024         44100.80359837379         -25461.61082899992        88201.60719674779         
128.5158527702568         51025.09039995503         0.6999999999996677        29.99999999999993         59.99999999999999         90.00000000003787         45.84423349029012         82.12686539123995         42.397876739447           2.145482563425917         -1.58788810576816         -1.531125094367081        44100.80359837382         -25461.61082899995        88201.60719674788         
132.1537087187732         51025.09039995446         0.6999999999996638        29.99999999999993         59.99999999999999         90.00000000003875         45.6155410810043          86.87783958629534         46.83032563885617         2.119568640059755         -1.354239583771639        -1.450719614148775        44100.80359837385         -25461.61082899996        88201.60719674794         
135.6673171977911         51025.09039995367         0.6999999999996569        29.99999999999993         59.99999999999999         90.00000000003949         45.58643972823505         91.75534172943343         51.66711672805894         2.081188386469873         -1.13245705670944         -1.367506386503376        44100.80359837387         -25461.61082899998        88201.60719674799         
139.0784979481957         51025.09039995265         0.6999999999996498        29.99999999999994         60.00000000000001         90.00000000003993         45.77394035664874         96.77925083914647         56.95262073096117         2.03151322519844          -0.921592537580022        -1.281797462426705        44100.80359837388         -25461.61082899996        88201.60719674797         
142.4070303193376         51025.0903999516          0.6999999999996425        29.99999999999994         60.00000000000002         90.0000000000403          46.2024660537075          101.97002662202           62.73505923533323         1.971421820494374         -0.7207875283685229       -1.19378434701323         44100.80359837389         -25461.61082899996        88201.60719674797         
145.6708563219022         51025.09039995058         0.6999999999996352        29.99999999999994         60.00000000000002         90.00000000004061         46.90539999670034         107.3483067436587         69.0657410214411          1.901550592839154         -0.5292935707131406       -1.10356918918536         44100.80359837391         -25461.61082899997        88201.60719674799         
148.8866666182215         51025.09039994959         0.699999999999628         29.99999999999994         59.99999999999999         90.00000000004091         47.92716206254281         112.9350822829721         75.99862003616282         1.822326559137263         -0.3464623111937506       -1.011178333884515        44100.8035983739          -25461.61082899999        88201.60719674801         
152.0697446951085         51025.09039994875         0.699999999999621         29.99999999999993         59.99999999999999         90.00000000004123         49.32557490444271         118.7505737305901         83.58784688118506         1.734007799075807         -0.1717739960260597       -0.9165907809606127       44100.80359837393         -25461.61082900003        88201.60719674813         
155.2335485398514         51025.09039994801         0.699999999999615         29.99999999999994         59.99999999999999         90.00000000004155         51.17402180077796         124.8122677174735         91.88330059562198         1.636732958130075         -0.004871625363199385     -0.8197727961724521       44100.80359837399         -25461.61082900006        88201.60719674821         
158.1989451722297         51025.09039994771         0.699999999999612         29.99999999999994         59.99999999999999         90.00000000004174         53.40121788568293         130.743699881848          100.3571279225851         1.537231498047468         0.1450205533008476        -0.7267519212805958       44100.80359837403         -25461.61082900007        88201.60719674829         
160.9524742611725         51025.09039994759         0.699999999999611         29.99999999999994         59.99999999999999         90.00000000004185         55.9717617321983          136.4594211309647         108.8309552495477         1.4378622643416           0.2781747626920746        -0.6386289951097833       44100.80359837406         -25461.6108290001         88201.60719674834         
163.5380514039263         51025.09039994757         0.6999999999996104        29.99999999999994         60.00000000000001         90.00000000004192         58.88928113085377         141.9981602726773         117.3047825765099         1.338647427151989         0.3976403848017731        -0.554534821973008        44100.80359837407         -25461.61082900009        88201.60719674836         
165.9899685825901         51025.09039994755         0.6999999999996104        29.99999999999994         60.00000000000001         90.00000000004195         62.156187631185           147.3918942545649         125.7786099034722         1.239463694866642         0.5057234639138732        -0.4737420584202273       44100.80359837408         -25461.6108290001         88201.60719674837         
168.3357521123431         51025.09039994756         0.6999999999996099        29.99999999999994         60.00000000000001         90.00000000004198         65.76947509981431         152.6676411568735         134.2524372304348         1.140098716284711         0.6041975834770928        -0.3956325394102442       44100.80359837411         -25461.61082900011        88201.60719674843         
170.5981007881108         51025.09039994757         0.6999999999996099        29.99999999999994         60.00000000000001         90.00000000004199         69.71640210244652         157.8487448014035         142.7262645573969         1.040281225253091         0.6944449481910052        -0.3196716237388186       44100.80359837413         -25461.61082900011        88201.60719674843         
172.7962471241947         51025.09039994756         0.69999999999961          29.99999999999994         60.00000000000001         90.00000000004199         73.9704184352464          162.9558250244125         151.2000918843594         0.939696303999333         0.7775528680388981        -0.2453879731639544       44100.80359837413         -25461.61082900011        88201.60719674843         
174.9469485997712         51025.09039994758         0.6999999999996098        29.99999999999994         60.00000000000001         90.00000000004201         78.48809780355793         168.0075044765161         159.673919211321          0.8379917414525511        0.8543808169141265        -0.1723573734083637       44100.80359837414         -25461.61082900011        88201.60719674846         
177.0652389730521         51025.09039994758         0.6999999999996096        29.99999999999994         60.00000000000001         90.00000000004201         83.20809392638476         173.0209853094602         168.1477465382837         0.7347786525963111        0.9256074347385562        -0.1001894754930433       44100.80359837415         -25461.61082900012        88201.60719674846         
179.1650251408625         51025.09039994759         0.6999999999996097        29.99999999999995         60.00000000000001         90.00000000004201         88.05302661285816         178.0125264006547         176.6215738652454         0.6296279816667407        0.991763353340524         -0.02851657132159165      44100.80359837416         -25461.61082900013        88201.60719674849         
181.2595888953666         51025.09039994759         0.6999999999996097        29.99999999999995         60.00000000000001         90.00000000004201         92.93457921664387         182.9978579718366         185.0954011922085         0.5220636013324818        1.053253540086821         0.04301630678078524       44100.80359837416         -25461.61082900014        88201.60719674847         
183.3620379909059         51025.09039994762         0.6999999999996095        29.99999999999995         60.00000000000001         90.00000000004202         97.76107577484279         187.9925623432482         193.5692285191704         0.4115521190661165        1.110371406394062         0.114760555657979         44100.80359837417         -25461.61082900015        88201.6071967485          
185.4857433655269         51025.09039994761         0.6999999999996097        29.99999999999995         59.99999999999999         90.00000000004204         102.445864295162          193.0124453725069         202.0430558461332         0.2974890319895097        1.163305888704093         0.1870729680018374        44100.80359837416         -25461.61082900015        88201.6071967485          
187.6447973450472         51025.09039994761         0.6999999999996096        29.99999999999995         59.99999999999999         90.00000000004201         106.9145020407299         198.0739219995109         210.5168831730952         0.1791804177989428        1.212141861029013         0.2603250059810856        44100.80359837417         -25461.61082900016        88201.6071967485          
189.8545307224532         51025.09039994763         0.6999999999996095        29.99999999999995         59.99999999999999         90.00000000004198         111.1092258897032         203.1944410308818         218.9907105000576         0.0558188180733977        1.256853412755609         0.334912919056476         44100.80359837419         -25461.61082900016        88201.60719674853         
192.1321354688542         51025.09039994762         0.6999999999996096        29.99999999999995         59.99999999999999         90.00000000004196         114.9901942084381         208.3929791914229         227.4645378270202         -0.07354874116613976      1.297288553581431         0.4112693183964992        44100.80359837418         -25461.61082900016        88201.6071967485          
194.4974566455763         51025.09039994761         0.6999999999996095        29.99999999999995         59.99999999999999         90.00000000004195         118.5339490527965         213.6906435571418         235.9383651539826         -0.2100636786266571       1.333142565662266         0.4898769488899565        44100.80359837418         -25461.61082900015        88201.6071967485          
196.974046212718          51025.09039994758         0.6999999999996094        29.99999999999996         59.99999999999999         90.00000000004194         121.7300672181432         219.1114367603812         244.4121924809447         -0.3551143941311667       1.36391515475259          0.5712855879396915        44100.80359837416         -25461.61082900016        88201.60719674847         
199.5906211420468         51025.09039994753         0.6999999999996087        29.99999999999995         59.99999999999996         90.00000000004191         124.5769878788359         224.6832644722396         252.8860198079068         -0.5104175417307225       1.388843122767488         0.6561332462613452        44100.80359837416         -25461.61082900019        88201.60719674852         
202.3831542972019         51025.09039994732         0.6999999999996079        29.99999999999995         59.99999999999996         90.00000000004187         127.0777029967856         230.4393062683242         261.3598471348689         -0.6781331695362217       1.406794285321151         0.7451731144304066        44100.80359837413         -25461.61082900016        88201.60719674849         
205.3979798291938         51025.09039994681         0.6999999999996044        29.99999999999994         59.99999999999994         90.00000000004185         129.2355863236063         236.4199414519735         269.8336744618299         -0.8610314975908957       1.416097363302502         0.8393078457461558        44100.80359837408         -25461.61082900015        88201.6071967484          
208.6965784772435         51025.09039994521         0.6999999999995953        29.99999999999994         59.99999999999992         90.00000000004199         131.0502326477321         242.6755446244016         278.3075017887889         -1.062740396429807        1.414261463166181         0.939632316446656         44100.80359837393         -25461.61082900008        88201.60719674813         
212.3632578950765         51025.09039994005         0.6999999999995675        29.99999999999994         59.99999999999992         90.00000000004275         132.5127672306321         249.2706898491371         286.781329115741          -1.288122213516424        1.397496096097711         1.047483480394942         44100.8035983734          -25461.61082899979        88201.60719674706         
216.3159853565259         51025.0903999293          0.6999999999995088        29.99999999999995         59.99999999999992         90.00000000004427         133.5587529067295         255.9602570301234         294.8692123790136         -1.531434363020977        1.362138243181327         1.158932622197598         44100.80359837229         -25461.61082899915        88201.60719674485         
219.9211506024607         51025.09039992557         0.6999999999994884        29.99999999999994         59.99999999999996         90.00000000004461         134.1248193585419         261.6912850000292         301.3773598990055         -1.752711197726768        1.314390501417209         1.255787453770138         44100.80359837195         -25461.61082899891        88201.60719674415         
224.0064891701836         51025.09039991512         0.6999999999994309        29.99999999999994         59.99999999999993         90.00000000004513         134.4054367936369         267.7767983539979         307.8536550197523         -2.001581517923307        1.242658426938852         1.359515347613602         44100.8035983709          -25461.61082899833        88201.60719674207         
227.8165544071715         51025.09039991153         0.6999999999994111        29.99999999999994         59.99999999999993         90.00000000004492         134.3855442713897         273.0820978310057         313.1311293948291         -2.230814738515547        1.159193845966058         1.450037808763501         44100.80359837055         -25461.61082899813        88201.60719674136         
232.1726399786191         51025.09039990328         0.6999999999993677        29.99999999999994         59.99999999999993         90.00000000004327         134.0925351347626         278.7397136200658         318.3810685685401         -2.4881775897925          1.044664669508225         1.545657508972979         44100.8035983696          -25461.61082899757        88201.60719673947         
236.7934844919842         51025.09039989743         0.6999999999993419        29.99999999999995         59.99999999999992         90.00000000003936         133.5255455162181         284.3031036394542         323.1669251492596         -2.75408804305134         0.9016116504086071        1.637316886059622         44100.80359836864         -25461.61082899704        88201.60719673753         
241.6645950866561         51025.0903998988          0.6999999999993638        29.99999999999995         59.99999999999992         90.00000000003266         132.6972243700866         289.7246027408453         327.4783959602986         -3.024624236107116        0.7277860963967697        1.722405867387125         44100.80359836793         -25461.61082899663        88201.60719673609         
246.1463583699774         51025.0903999024          0.6999999999993898        29.99999999999995         59.99999999999992         90.00000000003006         131.7647888356424         294.3505095753791         330.8896384125321         -3.263022451839793        0.5480400469798451        1.789716760245147         44100.8035983679          -25461.61082899661        88201.60719673602         
250.6397319895925         51025.09039990726         0.6999999999994232        29.99999999999994         59.99999999999993         90.00000000002807         130.6948506022356         298.6751434095722         333.8632370393764         -3.490414082475834        0.3498989047631857        1.846214154665002         44100.80359836797         -25461.61082899664        88201.60719673621         
255.2079591499087         51025.09039991317         0.6999999999994627        29.99999999999993         59.99999999999994         90.00000000002653         129.4912170757778         302.7828509278606         336.5019954188498         -3.708222803910714        0.1313082620350904        1.892016832171742         44100.80359836812         -25461.61082899672        88201.6071967365          
259.9074940624857         51025.09039992024         0.69999999999951          29.99999999999994         59.99999999999996         90.00000000002541         128.1505580426422         306.7362976554435         338.877958901446          -3.916774946360619        -0.1101520048282445       1.926589328360622         44100.80359836834         -25461.61082899683        88201.60719673695         
265.3019941935334         51025.09039994296         0.6999999999996601        29.99999999999993         59.99999999999996         90.0000000000239          126.5043608626812         310.9718807203599         341.2539622030297         -4.134976347983572        -0.4059687131284616       1.950295101088138         44100.80359836906         -25461.61082899724        88201.60719673839         
271.0003802298888         51025.09039997139         0.6999999999998473        29.99999999999993         59.99999999999994         90.00000000002483         124.6616469602614         315.1370879716178         343.4291157350215         -4.338831047125423        -0.7373134990765893       1.956571449978198         44100.80359837            -25461.61082899779        88201.60719674028         
276.9737445776395         51025.09040000042         0.7000000000000378        29.99999999999994         59.99999999999996         90.00000000002937         122.6352603753853         319.2066535090686         345.4098976598148         -4.520990045403594        -1.101939163457415        1.942392586375425         44100.80359837102         -25461.61082899838        88201.6071967423          
282.5082626343037         51025.090400008           0.7000000000000871        29.99999999999993         59.99999999999996         90.00000000003196         120.6857098620945         322.7417397708728         347.0228957454709         -4.659262923650086        -1.452180736314677        1.910422992313402         44100.80359837131         -25461.61082899854        88201.6071967429          
288.7041510447983         51025.0904000178          0.7000000000001494        29.99999999999991         59.99999999999996         90.00000000003939         118.434697154471          326.4667389553719         348.622712234673          -4.777623416242926        -1.854299158133574        1.853521649068198         44100.80359837176         -25461.6108289988         88201.60719674383         
294.3423597551334         51025.09040001808         0.7000000000001503        29.99999999999991         59.99999999999996         90.00000000004172         116.3334809386468         329.6714193257373         349.9238027510411         -4.850759580479817        -2.22560964062737         1.782901627676282         44100.80359837184         -25461.61082899884        88201.60719674399         
300.5341331361001         51025.09040001339         0.7000000000001165        29.99999999999993         59.99999999999996         90.0000000000459          113.9774417154666         333.0159204351509         351.2142077861346         -4.892255600205083        -2.634878009755887        1.68550403599534          44100.80359837183         -25461.61082899884        88201.60719674396         
306.8549400215808         51025.0904000042          0.700000000000053         29.99999999999991         59.99999999999996         90.00000000004873         111.5284418240996         336.2683080118148         352.4095567932617         -4.892225259470005        -3.049484654788664        1.565802236569062         44100.80359837173         -25461.61082899878        88201.60719674376         
313.2728598453561         51025.0903999927          0.6999999999999735        29.99999999999994         59.99999999999997         90.00000000004954         109.0042032469974         339.4289800083288         353.5213183522475         -4.848379251335406        -3.462014848753135        1.424792023234645         44100.80359837157         -25461.61082899868        88201.60719674343         
319.8365714949035         51025.09039997993         0.699999999999885         29.99999999999993         59.99999999999997         90.00000000004815         106.3903807090898         342.5378154972665         354.5729884064691         -4.758447511616804        -3.869752882731117        1.262122321537326         44100.80359837141         -25461.61082899859        88201.60719674311         
326.6137489136299         51025.09039996652         0.6999999999997912        29.99999999999993         59.99999999999996         90.00000000004393         103.6638223196792         345.6398248360196         355.5870375223737         -4.618996300724868        -4.270098008063364        1.076827033151694         44100.80359837129         -25461.61082899853        88201.60719674287         
333.686046500322          51025.0903999544          0.6999999999997043        29.99999999999993         59.99999999999994         90.0000000000357          100.7948062962766         348.7834034579565         356.5849654483666         -4.425094452366665        -4.659519509632309        0.8674598045930627        44100.80359837131         -25461.61082899855        88201.60719674293         
341.162166921899          51025.09039994833         0.6999999999996543        29.99999999999994         59.99999999999994         90.00000000002122         97.7420970538393          352.0273515521235         357.5902130734729         -4.169643829248282        -5.03322486365914         0.6318550496613745        44100.80359837171         -25461.61082899879        88201.60719674373         
348.8838670801849         51025.09039995737         0.6999999999997039        29.99999999999993         59.99999999999993         90.00000000000496         94.57423963794585         355.3181938209785         358.5918123128371         -3.855886170911712        -5.37165074252134         0.3772810843621766        44100.80359837262         -25461.61082899932        88201.60719674555         
356.4742656965696         51025.09039997473         0.6999999999998121        29.99999999999993         59.99999999999994         89.99999999999694         91.45167780443819         358.5185103440235         359.5554375497672         -3.503486676427926        -5.65134239528723         0.1203413116130455        44100.80359837358         -25461.61082899987        88201.60719674747         
0.0214877869751746        51025.09039997473         0.6999999999998119        29.99999999999993         59.99999999999994         89.99999999999694         89.99115208773691         0.009026676132484592      0.002708002865885844      -3.325577546989719        -5.762611545370716        -0.0007338899826589435    44100.80359837358         -25461.61082899987        88201.60719674747         
1.515545474953065         51025.09039997473         0.699999999999812         29.99999999999993         59.99999999999994         89.99999999999694         89.37595941786219         0.6366870150951357        0.1910152767984758        -3.248360532449766        -5.805612248283599        -0.05175563095368323      44100.80359837358         -25461.61082899986        88201.60719674749         
6.425334976343728         51025.09039997506         0.699999999999814         29.99999999999991         59.99999999999994         89.999999999997           87.35485018062781         2.70151230783237          0.8111542987515142        -2.985901431382728        -5.930336772112199        -0.2189900501906964       44100.80359837359         -25461.61082899987        88201.6071967475          
13.40779054341355         51025.09039998137         0.6999999999998531        29.99999999999993         59.99999999999994         90.00000000000043         84.48440307137277         5.653651200365434         1.702514504228001         -2.592703854725931        -6.06256307164089         -0.4537592833325135       44100.80359837395         -25461.61082900008        88201.60719674824         
20.60329412614465         51025.09039998314         0.6999999999998603        29.99999999999991         59.99999999999993         90.00000000000806         81.53550706738518         8.732657653845017         2.643436692611016         -2.168595404898789        -6.141544834211559        -0.6886135791867067       44100.80359837427         -25461.61082900027        88201.60719674888         
27.75689780036883         51025.09039997557         0.6999999999998051        29.99999999999993         59.99999999999994         90.00000000001677         78.61815857880464         11.85132142306077         3.614426422504869         -1.734471446629259        -6.161220518404647        -0.9113554391041556       44100.80359837435         -25461.61082900031        88201.60719674903         
35.00600199781493         51025.09039995426         0.699999999999657         29.99999999999991         59.99999999999994         90.0000000000264          75.68228796085808         15.0927685025006          4.649589632204754         -1.288791637197363        -6.12099165642116         -1.122582271672423        44100.8035983741          -25461.61082900016        88201.60719674853         
42.24235925124226         51025.09039991978         0.6999999999994212        29.99999999999993         59.99999999999994         90.00000000003276         72.77859959218985         18.43469280101454         5.7519013694162           -0.8451830912835674       -6.021067983416707        -1.315541064875552        44100.80359837348         -25461.61082899981        88201.6071967473          
48.70316755059551         51025.09039990525         0.6999999999993223        29.99999999999991         59.99999999999993         90.00000000003298         70.21498593377386         21.53038953515975         6.811317699168073         -0.4559686550000567       -5.882674175761567        -1.470197431965371        44100.80359837318         -25461.61082899964        88201.60719674669         
54.59567616525283         51025.09039989866         0.699999999999278         29.99999999999991         59.99999999999994         90.00000000003203         67.90600900407482         24.46499855322337         7.855175810236976         -0.1109869336822973       -5.717523326936998        -1.59501334911137         44100.80359837302         -25461.61082899955        88201.60719674638         
60.13069013884358         51025.09039989505         0.6999999999992537        29.99999999999991         59.99999999999993         90.00000000003087         65.76740754052597         27.33521428729374         8.918234723945179         0.2010138343554976        -5.530158825027581        -1.696926260323276        44100.80359837294         -25461.6108289995         88201.60719674619         
65.41747099372738         51025.09039989323         0.6999999999992412        29.99999999999991         59.99999999999993         90.0000000000297          63.75701381468413         30.19560948477617         10.02362180523516         0.4853838820368205        -5.323676323609471        -1.77950492027559         44100.80359837288         -25461.61082899947        88201.6071967461          
70.51889064771719         51025.09039989254         0.6999999999992366        29.99999999999993         59.99999999999993         90.00000000002859         61.8520711429632          33.08177433351932         11.18992674387328         0.7448456639733325        -5.100609119677733        -1.844841856125163        44100.80359837286         -25461.61082899946        88201.60719674606         
75.47737877266445         51025.09039989263         0.6999999999992377        29.99999999999993         59.99999999999994         90.00000000002744         60.03878254684243         36.02191885203131         12.43517771927481         0.9810000078908313        -4.863062438263542        -1.894345207854119        44100.80359837286         -25461.61082899945        88201.60719674604         
80.32245880222922         51025.09039989356         0.699999999999244         29.99999999999993         59.99999999999994         90.00000000002642         58.30926870459682         39.04000845270865         13.77806826469604         1.194769088089392         -4.612928713326538        -1.929022361240508        44100.80359837288         -25461.61082899946        88201.60719674607         
85.07529935952334         51025.09039989546         0.6999999999992564        29.99999999999991         59.99999999999994         90.00000000002557         56.65979883916555         42.15773701619784         15.23893202608571         1.386669431331419         -4.351988901229181        -1.949645697483171        44100.80359837292         -25461.61082899948        88201.60719674618         
89.74621763894187         51025.09039989799         0.6999999999992736        29.99999999999991         59.99999999999994         90.00000000002488         55.0915285588128          45.39203952832731         16.83869129554095         1.55679937141569          -4.082273443580487        -1.956850521486267        44100.80359837299         -25461.61082899952        88201.60719674631         
94.33048307980179         51025.09039990115         0.699999999999295         29.99999999999993         59.99999999999996         90.00000000002447         53.61147912606951         48.75035151480711         18.59611578960143         1.704877539340011         -3.8065082563084          -1.951283052896094        44100.80359837308         -25461.61082899957        88201.60719674648         
99.0568095435623          51025.0903999072          0.6999999999993349        29.99999999999991         59.99999999999993         90.00000000002446         52.15720076331538         52.42658870018248         20.63883914406996         1.836938684392872         -3.512611466075541        -1.93247292994507         44100.80359837325         -25461.61082899968        88201.60719674686         
103.4156638056003         51025.09039991068         0.699999999999358         29.99999999999991         59.99999999999996         90.00000000002477         50.89145033976532         56.03204132604237         22.76925665285438         1.939419459556098         -3.234646025436233        -1.903471606537425        44100.80359837337         -25461.61082899974        88201.60719674708         
107.9550175920225         51025.09039991695         0.699999999999399         29.99999999999991         59.99999999999994         90.00000000002605         49.66389548093003         60.031686558031           25.28688116335222         2.02578768989069          -2.939893067772144        -1.861567871978821        44100.80359837358         -25461.61082899987        88201.60719674751         
112.4045277933075         51025.09039992268         0.6999999999994365        29.99999999999991         59.99999999999994         90.0000000000279          48.56665535669904         64.22210533191596         28.10624729757093         2.089775049196662         -2.647507819036238        -1.809157200599431        44100.8035983738          -25461.61082899999        88201.60719674794         
116.7156361947712         51025.09039992695         0.6999999999994636        29.99999999999991         59.99999999999997         90.00000000003003         47.62263544824976         68.56542882856371         31.23236746004041         2.131884097241112         -2.362618973160582        -1.74797139869394         44100.80359837403         -25461.61082900009        88201.60719674834         
120.8523541970183         51025.09039992932         0.6999999999994784        29.99999999999993         59.99999999999999         90.00000000003199         46.84821795883015         73.02279051024981         34.6635707229283          2.153662349378234         -2.089286815907374        -1.679956327478341        44100.80359837416         -25461.61082900016        88201.60719674861         
124.8050705475788         51025.09039993027         0.6999999999994834        29.99999999999994         59.99999999999999         90.00000000003358         46.25181188849849         77.5730316958938          38.40565010703359         2.157320265559051         -1.829471897995302        -1.606783179170743        44100.80359837427         -25461.61082900021        88201.6071967488          
128.5876774312176         51025.09039993022         0.6999999999994826        29.99999999999993         59.99999999999999         90.00000000003476         45.83798203714817         82.21785169259985         42.48018881999241         2.145107764318731         -1.583241302801553        -1.529596278341667        44100.80359837431         -25461.61082900023        88201.60719674887         
132.2229241647486         51025.09039992968         0.6999999999994782        29.99999999999994         60.00000000000001         90.00000000003564         45.61303568331038         86.97112057022352         46.92010331378964         2.118938847941143         -1.349830907306437        -1.449132042817491        44100.80359837433         -25461.61082900024        88201.60719674891         
135.7343826999686         51025.09039992881         0.6999999999994722        29.99999999999994         59.99999999999997         90.00000000003632         45.58795033745945         91.8513208857263          51.76521013320572         2.080329089351417         -1.128266532623014        -1.365867037839476        44100.80359837432         -25461.61082900026        88201.60719674891         
139.143846459838          51025.09039992783         0.6999999999994647        29.99999999999993         59.99999999999997         90.00000000003685         45.77987327447846         96.87837332024993         57.05999340284237         2.030443300284015         -0.9176008093374608       -1.280110187281804        44100.80359837433         -25461.61082900027        88201.60719674897         
142.470987984617          51025.09039992679         0.6999999999994572        29.99999999999993         59.99999999999996         90.00000000003725         46.21338213232709         102.0726422903239         62.85263556083095         1.970156067093195         -0.716981497105138        -1.192052763725409        44100.80359837433         -25461.61082900029        88201.60719674898         
145.7337822828522         51025.09039992576         0.6999999999994496        29.9999999999999          59.99999999999993         90.00000000003759         46.92206137360988         107.4548671016566         69.19460947338531         1.900098427739318         -0.5256583931236952       -1.101793721255531        44100.80359837432         -25461.61082900031        88201.607196749           
148.9488323539737         51025.09039992478         0.6999999999994426        29.99999999999991         59.99999999999993         90.00000000003784         47.95055394948664         113.0459314669456         76.13977593940885         1.820695152687049         -0.3429889939411691       -1.009359970334027        44100.80359837433         -25461.61082900032        88201.60719674904         
150.0000000027496         51025.09039992477         0.6999999999994425        29.99999999999991         59.99999999999992         90.00000000003787         48.36878841571835         114.9367379470743         78.56871732261855         1.792542372961449         -0.2846233093583443       -0.9784348586185614       44100.80359837432         -25461.61082900033        88201.60719674904         
130.1181534783371         74451.21460127553         0.7257056178967209        28.46737913590692         358.6799024370896         164.6851377784592         43.81037084533354         81.21164560534598         40.11994681162847         2.388508882740875         -0.8843472037249892       -0.449545967111013        -1301.513745389744        -56479.19592303004        104190.7730644331         
130.3808529732716         74451.21460127548         0.7257056178967209        28.46737913590691         358.6799024370896         164.6851377784592         43.78460507068677         81.55195025344048         40.42324454485491         2.382293064283741         -0.8719088749357801       -0.4428811078815823       -1301.513745389748        -56479.19592303001        104190.7730644331         
131.1985730443871         74451.21460127545         0.7257056178967207        28.46737913590692         358.6799024370896         164.6851377784592         43.71032703618903         82.62172346057422         41.38613888592053         2.362531620667149         -0.8333515934569716       -0.422227028819567        -1301.513745389751        -56479.19592303001        104190.773064433          
133.9120084329959         74451.21460127516         0.7257056178967201        28.46737913590693         358.6799024370896         164.6851377784591         43.53249115774773         86.28837436749814         44.79571891190168         2.292522802929829         -0.7072315537745688       -0.3547350543804251       -1301.513745389751        -56479.19592302999        104190.773064433          
137.1403720078992         74451.21460127333         0.7257056178967126        28.46737913590692         358.6799024370896         164.6851377784594         43.47591735425287         90.89572402963285         49.32093593494653         2.200523932598059         -0.5611344443789604       -0.2766887050552596       -1301.513745389751        -56479.19592302993        104190.7730644329         
140.196052494528          74451.2146012719          0.7257056178967067        28.46737913590692         358.6799024370896         164.6851377784594         43.60521705994437         95.51607331730946         54.12874933307993         2.104983150805624         -0.4272092917913657       -0.2052847114725694       -1301.513745389748        -56479.19592302987        104190.7730644328         
142.9438348508106         74451.21460127129         0.7257056178967042        28.46737913590692         358.6799024370893         164.6851377784594         43.90154954310259         99.89758128329115         58.93656273121262         2.012268979376837         -0.3107182104137432       -0.1432959801296197       -1301.513745389746        -56479.19592302987        104190.7730644328         
145.4424548553755         74451.21460127101         0.7257056178967032        28.46737913590692         358.6799024370893         164.6851377784594         44.34508984276106         104.0758019821006         63.74437612934502         1.922557528710675         -0.2082632177590396       -0.08887835032884599      -1301.513745389745        -56479.19592302987        104190.7730644328         
147.7362817588273         74451.2146012709          0.7257056178967024        28.46737913590692         358.6799024370893         164.6851377784594         44.92219603769389         108.0791968639011         68.55218952747725         1.835817610168576         -0.1172909120254914       -0.04064807681191273      -1301.513745389746        -56479.19592302987        104190.7730644328         
149.8595571155471         74451.21460127081         0.7257056178967023        28.46737913590692         358.6799024370893         164.6851377784594         45.62359757892439         111.9309340538732         73.36000292560942         1.751913245063311         -0.03584553226483685      0.002453310613898287      -1301.513745389744        -56479.19592302987        104190.7730644328         
151.8392057749101         74451.2146012708          0.7257056178967023        28.46737913590692         358.6799024370896         164.6851377784594         46.44319909662546         115.6501537658792         78.16781632374158         1.670658902600444         0.0375964710588635        0.04124937222495206       -1301.513745389743        -56479.19592302985        104190.7730644328         
153.6967524454152         74451.21460127078         0.7257056178967021        28.46737913590692         358.6799024370893         164.6851377784594         47.37726205613267         119.2528786593811         82.97562972187364         1.591849517603862         0.1042398824532559        0.07639062978160685       -1301.513745389744        -56479.19592302987        104190.7730644328         
155.4496608189274         74451.21460127077         0.7257056178967021        28.46737913590692         358.6799024370896         164.6851377784594         48.42382301632225         122.7526821476648         87.78344312000564         1.51527671633805          0.1650501973090811        0.108397851106767         -1301.513745389745        -56479.19592302986        104190.7730644328         
157.1122898045556         74451.21460127074         0.7257056178967021        28.46737913590692         358.6799024370896         164.6851377784594         49.58226115312776         126.1611879972624         92.59125651813795         1.440737361383921         0.2208103892586376        0.1376929289817714        -1301.513745389743        -56479.19592302986        104190.7730644328         
158.6965897632171         74451.21460127074         0.7257056178967021        28.46737913590692         358.6799024370893         164.6851377784594         50.85295886416951         129.4884499727416         97.39906991626998         1.368037769486458         0.2721621768291652        0.1646213034484797        -1301.513745389744        -56479.19592302987        104190.7730644328         
160.2126183974713         74451.21460127074         0.725705617896702         28.46737913590692         358.6799024370893         164.6851377784594         52.23701783526637         132.7432446517335         102.2068833144021         1.296995482558543         0.3196365044630695        0.1894685069259682        -1301.513745389744        -56479.19592302987        104190.7730644328         
161.6689291389043         74451.21460127077         0.7257056178967018        28.46737913590692         358.6799024370893         164.6851377784594         53.73600440195675         135.9333003667038         107.0146967125343         1.227439663312309         0.3636763853869783        0.2124725516970471        -1301.513745389744        -56479.19592302987        104190.7730644328         
163.0728678319164         74451.21460127077         0.725705617896702         28.46737913590693         358.6799024370896         164.6851377784595         55.35170547151927         139.0654784733102         111.8225101106663         1.159210733144262         0.4046542470110825        0.2338333278893045        -1301.513745389742        -56479.19592302988        104190.7730644328         
164.430802433678          74451.21460127075         0.7257056178967022        28.46737913590692         358.6799024370893         164.6851377784595         57.08588153200379         142.1459185681342         116.6303235087984         1.092159610352825         0.4428852600641552        0.2537198193478351        -1301.513745389741        -56479.19592302987        104190.7730644328         
165.7483031001571         74451.21460127074         0.7257056178967022        28.46737913590692         358.6799024370893         164.6851377784595         58.94000754645167         145.1801561229898         121.4381369069305         1.026146756018516         0.4786376927211128        0.2722757044286869        -1301.513745389741        -56479.19592302987        104190.7730644328         
167.0302850611467         74451.21460127077         0.725705617896702         28.46737913590693         358.6799024370896         164.6851377784595         60.91499661768536         148.1732187921616         126.2459503050625         0.9610411462488199        0.5121410324455224        0.2896237458069358        -1301.513745389742        -56479.19592302988        104190.7730644328         
168.2811232735004         74451.21460127075         0.7257056178967022        28.46737913590692         358.6799024370893         164.6851377784594         63.01090576837642         151.1297060770644         131.0537637031944         0.8967192369227672        0.5435924124579657        0.3058692611714117        -1301.513745389733        -56479.19592302987        104190.7730644328         
169.504745459271          74451.21460127077         0.725705617896702         28.46737913590692         358.6799024370896         164.6851377784595         65.22662834873371         154.0538559002512         135.8615771013265         0.8330639557251718        0.5731617357363021        0.3211028882251405        -1301.513745389741        -56479.19592302987        104190.7730644328         
170.70470844929           74451.21460127077         0.725705617896702         28.46737913590693         358.6799024370896         164.6851377784595         67.55958353515487         156.9496008147346         140.6693904994587         0.7699637375377569        0.6009957872821483        0.3354028017919605        -1301.513745389741        -56479.19592302988        104190.7730644328         
171.8842615443456         74451.21460127077         0.7257056178967021        28.46737913590692         358.6799024370893         164.6851377784594         70.00541985038079         159.8206159657241         145.4772038975907         0.7073116080919236        0.6272215519333639        0.3488365008724925        -1301.513745389748        -56479.19592302987        104190.7730644328         
173.0463997304804         74451.21460127077         0.7257056178967021        28.46737913590692         358.6799024370893         164.6851377784594         72.55775592748194         162.670360468851          150.2850172957227         0.645004314164398         0.6519489015187513        0.3614622544177907        -1301.513745389744        -56479.19592302987        104190.7730644328         
174.1939089444276         74451.21460127077         0.7257056178967021        28.46737913590692         358.6799024370896         164.6851377784595         75.20798671506742         165.5021135292837         155.0928306938547         0.5829414946864281        0.6752727757202157        0.3733302731656284        -1301.513745389751        -56479.19592302987        104190.7730644328         
175.3294051132299         74451.21460127077         0.725705617896702         28.46737913590692         358.6799024370896         164.6851377784594         77.94518549139963         168.3190063700526         159.900644091987          0.5210248848225756        0.6972749515677359        0.3844836588968262        -1301.513745389753        -56479.19592302986        104190.7730644328         
176.4553683426998         74451.21460127077         0.725705617896702         28.46737913590692         358.6799024370896         164.6851377784594         80.75612987628135         171.1240508443175         164.7084574901186         0.4591575436642871        0.7180254742172314        0.3949591703765512        -1301.51374538975         -56479.19592302986        104190.7730644328         
177.5741733705949         74451.21460127078         0.7257056178967018        28.46737913590692         358.6799024370896         164.6851377784594         83.62547238188488         173.9201654602004         169.5162708882509         0.3972430952401778        0.7375838045556363        0.4047878359611191        -1301.513745389746        -56479.19592302987        104190.7730644328         
178.6881172098073         74451.21460127077         0.7257056178967022        28.46737913590692         358.6799024370896         164.6851377784595         86.53606280361066         176.7101994373853         174.3240842863815         0.3351849717873314        0.7559997258106833        0.4139954355955575        -1301.513745389748        -56479.19592302987        104190.7730644328         
179.7994447688311         74451.21460127077         0.7257056178967017        28.46737913590692         358.6799024370896         164.6851377784594         89.46941224153402         179.4969553343456         179.1318976845254         0.2728856474654654        0.7733140406705307        0.4226028691324441        -1301.513745389737        -56479.19592302987        104190.7730644328         
180.9103731403671         74451.21460127077         0.7257056178967021        28.46737913590693         358.6799024370896         164.6851377784595         92.40626958968815         182.2832107282069         183.9397110826504         0.2102458497902456        0.7895590816597007        0.4306264231433669        -1301.513745389746        -56479.19592302988        104190.7730644328         
182.0231151869696         74451.21460127078         0.725705617896702         28.46737913590693         358.6799024370896         164.6851377784595         95.32726475707477         185.0717393926212         188.7475244807797         0.147163734901459         0.8047590500705208        0.4380779443428731        -1301.51374538975         -56479.19592302989        104190.7730644328         
183.1399030202319         74451.21460127077         0.7257056178967021        28.46737913590692         358.6799024370896         164.6851377784595         98.21356247969068         187.865332399402          193.5553378789113         0.08353401126285584       0.8189301921275587        0.4449649241363505        -1301.513745389748        -56479.19592302987        104190.7730644328         
184.2630119652963         74451.21460127077         0.7257056178967021        28.46737913590692         358.6799024370893         164.6851377784595         101.047468894633          190.6668195671343         198.3631512770437         0.01924699440490885       0.8320808148501634        0.4512904954108964        -1301.513745389746        -56479.19592302987        104190.7730644328         
185.3947856245891         74451.21460127077         0.7257056178967021        28.46737913590692         358.6799024370893         164.6851377784595         103.8129404998089         193.4790916930099         203.1709646751759         -0.04581242725558757      0.844211137889504         0.4570533393012954        -1301.513745389746        -56479.19592302987        104190.7730644328         
186.5376627055947         74451.21460127074         0.7257056178967023        28.46737913590693         358.6799024370896         164.6851377784595         106.4959598654802         196.3051240345234         207.978778073308          -0.1117659388078222       0.8553129710611949        0.4622474960682493        -1301.513745389744        -56479.19592302987        104190.7730644328         
187.6942063607686         74451.21460127075         0.7257056178967021        28.46737913590693         358.6799024370896         164.6851377784595         109.0847610228752         199.1480015568681         212.7865914714399         -0.1787430850032367       0.8653691999411844        0.4668620701866515        -1301.513745389746        -56479.19592302987        104190.7730644328         
188.8671369096356         74451.21460127077         0.7257056178967023        28.46737913590693         358.6799024370896         164.6851377784595         111.5699058819926         202.010946533199          217.5944048695725         -0.2468827291850793       0.874353053225813         0.4708808149754892        -1301.51374538975         -56479.19592302987        104190.7730644328         
190.0593689832007         74451.21460127077         0.7257056178967022        28.46737913590692         358.6799024370896         164.6851377784595         113.9442280483063         204.8973491830908         222.4022182677043         -0.3163347249841478       0.8822271149235835        0.4742815762496381        -1301.513745389749        -56479.19592302987        104190.7730644328         
191.2740543627698         74451.21460127077         0.7257056178967022        28.46737913590692         358.6799024370896         164.6851377784595         116.2026701298521         207.8108021663317         227.2100316658366         -0.387261849723113        0.8889420309808287        0.4770355670627945        -1301.51374538975         -56479.19592302987        104190.7730644328         
192.5146320988331         74451.2146012708          0.725705617896702         28.46737913590693         358.6799024370896         164.6851377784595         118.3420446907102         210.7551399241396         232.0178450639688         -0.4598420599720974       0.8944348424627458        0.4791064359912716        -1301.513745389751        -56479.19592302989        104190.7730644328         
193.7848879189149         74451.21460127078         0.7257056178967022        28.46737913590693         358.6799024370896         164.6851377784595         120.3607482392988         213.7344840913522         236.8256584621006         -0.5342711445314493       0.8986268542582703        0.4804490786724406        -1301.513745389751        -56479.19592302989        104190.7730644328         
195.0890255065167         74451.21460127078         0.7257056178967023        28.46737913590693         358.6799024370896         164.6851377784595         122.2584534947692         216.7532965097024         241.6334718602329         -0.6107658693346105       0.9014209170874771        0.4810081251643492        -1301.51374538975         -56479.19592302988        104190.7730644328         
196.4317530146373         74451.2146012708          0.725705617896702         28.46737913590693         358.6799024370896         164.6851377784595         124.0357992047821         219.8164417802562         246.4412852583649         -0.6895677337811879       0.9026979579330902        0.4807160122571951        -1301.51374538975         -56479.19592302987        104190.7730644328         
197.8183892517719         74451.2146012708          0.725705617896702         28.46737913590692         358.6799024370893         164.6851377784594         125.6940902803469         222.9292618397658         251.2490986564971         -0.7709474907422696       0.9023125348383733        0.4794905173788516        -1301.51374538975         -56479.19592302987        104190.7730644328         
199.2549954712538         74451.21460127077         0.7257056178967022        28.46737913590692         358.6799024370896         164.6851377784594         127.2350148244429         226.0976657846438         256.056912054629          -0.8552106255153856       0.9000871087484592        0.4772315850630717        -1301.513745389751        -56479.19592302985        104190.7730644328         
200.7485407944732         74451.21460127078         0.7257056178967022        28.46737913590692         358.6799024370896         164.6851377784595         128.6603791733327         229.3282391754781         260.8647254527613         -0.9427040458363092       0.8958046062233801        0.4738172118141694        -1301.513745389751        -56479.19592302986        104190.7730644328         
202.3071122913668         74451.2146012708          0.7257056178967021        28.46737913590692         358.6799024370893         164.6851377784594         129.9718573808942         232.6283784493355         265.6725388508934         -1.033824310348951        0.8891986746491045        0.4690980609150747        -1301.513745389751        -56479.19592302987        104190.7730644328         
203.9401850713836         74451.2146012708          0.7257056178967021        28.46737913590692         358.6799024370893         164.6851377784594         131.1707474076009         236.0064580185523         270.4803522490254         -1.129027822829739        0.879940778066673         0.462890340058474         -1301.51374538975         -56479.19592302987        104190.7730644328         
205.6589741050976         74451.2146012708          0.7257056178967021        28.46737913590691         358.6799024370896         164.6851377784594         132.2577221490175         239.4720404048809         275.2881656471575         -1.228843551736023        0.8676229021240242        0.454966267248423         -1301.513745389749        -56479.19592302985        104190.7730644328         
207.4768990282875         74451.21460127078         0.7257056178967022        28.46737913590692         358.6799024370896         164.6851377784595         133.2325586473375         243.0361437519359         280.0959790452895         -1.333889008416643        0.8517340576305021        0.4450411343745048        -1301.513745389745        -56479.19592302986        104190.7730644328         
209.4102077327433         74451.21460127077         0.7257056178967018        28.46737913590692         358.6799024370896         164.6851377784594         134.0938223509405         246.7115869165489         284.9037924434215         -1.444890441337404        0.831627871171534         0.4327554866406717        -1301.513745389748        -56479.19592302985        104190.7730644328         
211.4788272514517         74451.21460127069         0.7257056178967018        28.46737913590691         358.6799024370896         164.6851377784594         134.8384735609201         250.5134410921134         289.7116058415536         -1.562708480820549        0.8064771182395103        0.4176501557748724        -1301.513745389746        -56479.19592302984        104190.7730644328         
213.7075467204459         74451.21460127062         0.7257056178967014        28.46737913590691         358.6799024370896         164.6851377784594         135.4613476803245         254.4596302648245         294.5194192396856         -1.688370780749718        0.7752087202219267        0.399130615783781         -1301.51374538975         -56479.19592302984        104190.7730644328         
216.1276967080302         74451.21460127037         0.7257056178967007        28.46737913590691         358.6799024370896         164.6851377784595         135.9544351325227         258.5717436206087         299.3272326378175         -1.823113470137088        0.7364088238785348        0.3764150111281125        -1301.513745389751        -56479.19592302982        104190.7730644328         
218.7795897292567         74451.21460126985         0.7257056178966983        28.46737913590692         358.6799024370896         164.6851377784596         136.3058427494613         262.8761562927521         304.1350460359489         -1.968433198851399        0.688180866190007         0.34845656711259          -1301.513745389753        -56479.19592302979        104190.7730644327         
221.7161622184106         74451.21460126847         0.7257056178966937        28.46737913590691         358.6799024370896         164.6851377784596         136.4982406035387         267.4056094674077         308.9428594340797         -2.126150534180759        0.6279276007344392        0.3138246399432493        -1301.513745389751        -56479.19592302969        104190.7730644325         
225.0085758218099         74451.21460126508         0.7257056178966814        28.46737913590692         358.6799024370896         164.6851377784599         136.5064558956003         272.2014932092432         313.7506728322088         -2.29848150089097         0.5520061382903987        0.2705168292671628        -1301.513745389741        -56479.19592302945        104190.7730644321         
228.7551345725305         74451.21460125603         0.7257056178966499        28.4673791359069          358.6799024370896         164.6851377784602         136.293604532477          277.3172364356108         318.558486230334          -2.488101775690296        0.4551632295548955        0.2156520572518002        -1301.513745389726        -56479.19592302879        104190.7730644309         
232.970021048313          74451.21460123781         0.7257056178965865        28.46737913590691         358.6799024370893         164.6851377784598         135.822006748999          282.6696428724262         323.2370790798237         -2.692209994706559        0.3334178147844075        0.147107285233139         -1301.513745389694        -56479.19592302736        104190.7730644282         
236.9544036896078         74451.21460123277         0.72570561789657          28.46737913590692         358.6799024370896         164.6851377784591         135.1911318726077         287.3700442658126         327.0537276290344         -2.875226265758177        0.2064449095268841        0.0759922952255547        -1301.513745389684        -56479.19592302693        104190.7730644274         
241.5602698886464         74451.21460122662         0.725705617896555         28.46737913590692         358.6799024370896         164.6851377784554         134.278905124867          292.4095923102762         330.8494420977955         -3.073584219884216        0.04609329919237321       -0.01340809356605448      -1301.51374538966         -56479.19592302589        104190.7730644254         
246.5158424027625         74451.21460123577         0.7257056178966032        28.46737913590692         358.6799024370896         164.6851377784479         133.1185500963633         297.4086903695102         334.3210351021512         -3.269791554598895        -0.1415492599802395       -0.1175753541292751       -1301.513745389644        -56479.19592302517        104190.7730644242         
251.8181982900957         74451.21460127427         0.72570561789677          28.46737913590692         358.6799024370896         164.6851377784371         131.7106907940045         302.3281415401425         337.4631008633989         -3.458353409133001        -0.3581172011600781       -0.2373268317227824       -1301.513745389646        -56479.19592302528        104190.7730644244         
256.3168079945705         74451.21460128282         0.7257056178968055        28.46737913590692         358.6799024370896         164.6851377784358         130.4057438544571         306.1944181007142         339.7501145033669         -3.599827773443721        -0.5533141963274057       -0.3449054572934106       -1301.513745389651        -56479.19592302545        104190.7730644246         
260.9561181099352         74451.21460129344         0.7257056178968494        28.46737913590693         358.6799024370896         164.6851377784348         128.9716833114063         309.9200693342293         341.8093516011294         -3.726953198012074        -0.7642870746825133       -0.4608565503048506       -1301.513745389651        -56479.19592302571        104190.7730644251         
265.7841646951156         74451.2146013064          0.7257056178969027        28.46737913590692         358.6799024370896         164.6851377784342         127.3989674085382         313.5467871396025         343.6843762849759         -3.838123299111849        -0.9927956835173827       -0.5861140133152326       -1301.513745389657        -56479.19592302604        104190.7730644257         
270.8521155658092         74451.21460132237         0.7257056178969674        28.46737913590693         358.6799024370896         164.6851377784343         125.6737230287309         317.1106976049434         345.4092947600955         -3.930788556119244        -1.24073007675001         -0.7216705492901027       -1301.513745389668        -56479.19592302645        104190.7730644265         
276.1686167943842         74451.21460133957         0.7257056178970377        28.46737913590693         358.6799024370896         164.6851377784356         123.7948128067885         320.6141249515407         346.9982148368273         -4.000772854253841        -1.507622944035456        -0.867220674525082        -1301.513745389671        -56479.19592302693        104190.7730644273         
281.648435135357          74451.21460135379         0.7257056178970945        28.46737913590693         358.6799024370893         164.6851377784377         121.7958300831764         324.0045856502741         348.4419271334306         -4.043110156215744        -1.787608747887513        -1.019522794810342        -1301.513745389682        -56479.19592302736        104190.7730644281         
287.8166658567287         74451.21460137528         0.7257056178971804        28.46737913590693         358.6799024370896         164.6851377784448         119.4822691818468         327.5886692020172         349.8752195078307         -4.054115697911988        -2.105551293075569        -1.192008924216661        -1301.5137453897          -56479.19592302811        104190.7730644295         
293.4125187392719         74451.21460137676         0.7257056178971858        28.46737913590693         358.6799024370896         164.685137778447          117.3345991690189         330.656103966208          351.0323365511711         -4.030418224402321        -2.393572082723249        -1.347841725369528        -1301.5137453897          -56479.19592302822        104190.7730644297         
299.5843811826978         74451.21460137109         0.7257056178971607        28.46737913590695         358.6799024370893         164.6851377784514         114.9208344722327         333.8648931985338         352.1803820774586         -3.967401054553983        -2.707377854696464        -1.517160748978173        -1301.513745389697        -56479.19592302826        104190.7730644297         
305.878887295522          74451.21460135774         0.7257056178971035        28.46737913590695         358.6799024370896         164.6851377784545         112.4183886980477         336.976160445828          353.2386333976822         -3.864031974656386        -3.019592882928989        -1.685113408860085        -1301.513745389704        -56479.19592302815        104190.7730644295         
312.2581637276043         74451.21460134021         0.7257056178970289        28.46737913590693         358.6799024370896         164.6851377784558         109.8474301589949         339.9886756022835         354.2175506669628         -3.720258261872949        -3.324116631276893        -1.848392099308259        -1301.513745389711        -56479.19592302795        104190.7730644291         
318.7717506461145         74451.21460132005         0.7257056178969431        28.46737913590693         358.6799024370896         164.685137778455          107.1925587996324         342.9422383531231         355.1390957086473         -3.534781071445054        -3.618795898365545        -2.005813399344238        -1301.513745389726        -56479.19592302771        104190.7730644287         
325.4886507527571         74451.21460129846         0.7257056178968508        28.46737913590695         358.6799024370896         164.6851377784516         104.4291983638441         345.8812158747147         356.0239166729696         -3.305109645096028        -3.901475733054453        -2.156178050529613        -1301.513745389708        -56479.19592302754        104190.7730644284         
332.4908456978373         74451.21460127766         0.7257056178967602        28.46737913590693         358.6799024370896         164.6851377784448         101.5264740146509         348.8522782221376         356.8912976941892         -3.027548717434526        -4.169106535444701        -2.297786781578933        -1301.513745389715        -56479.19592302748        104190.7730644283         
339.8820168688704         74451.21460126358         0.7257056178966951        28.46737913590693         358.6799024370893         164.6851377784323         98.44394912177538         351.9093875217498         357.7612976068625         -2.696866292604703        -4.417301437485312        -2.428196225510895        -1301.513745389719        -56479.19592302779        104190.7730644289         
347.6853756071413         74451.21460127296         0.7257056178967235        28.46737913590695         358.6799024370896         164.6851377784141         95.17494196116081         355.0744461695735         358.6445470799486         -2.311708827623553        -4.636643434117127        -2.542284752906248        -1301.513745389759        -56479.19592302891        104190.7730644309         
355.358430327681          74451.21460130102         0.7257056178968315        28.46737913590695         358.6799024370896         164.6851377784046         91.95170809681903         358.1486446350181         359.4919498423269         -1.90369394406103         -4.805700394889275        -2.628829501208918        -1301.513745389799        -56479.19592303017        104190.7730644332         
2.86314537986486          74451.21460132978         0.7257056178969448        28.46737913590695         358.6799024370896         164.6851377784027         88.79601654081364         1.141680327646617         0.3132113263264035        -1.483588966793356        -4.923397038886564        -2.687382089254432        -1301.513745389819        -56479.19592303126        104190.7730644353         
10.23515710890425         74451.21460135063         0.7257056178970267        28.46737913590693         358.6799024370896         164.6851377784062         85.69795615233866         4.089707309058585         1.124303330137987         -1.057668571086488        -4.991157794355829        -2.718793044738589        -1301.513745389838        -56479.19592303209        104190.7730644368         
17.51753456967262         74451.21460135884         0.7257056178970567        28.46737913590693         358.6799024370896         164.6851377784131         82.64407218048277         7.029984216923395         1.941076047765131         -0.6309650763527844       -5.010420416636202        -2.723904600575048        -1301.513745389849        -56479.19592303261        104190.7730644377         
24.66883294186252         74451.2146013528          0.7257056178970279        28.46737913590696         358.6799024370896         164.685137778421          79.65614911444406         9.964593300436778         2.769630663471998         -0.2128620828248851       -4.982917784413774        -2.703773323254958        -1301.513745389852        -56479.19592303281        104190.7730644381         
31.83811380410531         74451.21460132899         0.7257056178969256        28.46737913590695         358.6799024370896         164.6851377784295         76.67662322007216         12.97453808788117         3.63910788960374          0.198802148048863         -4.909604995833238        -2.658889943783541        -1301.51374538985         -56479.19592303264        104190.7730644378         
39.21276788367593         74451.21460127088         0.7257056178966804        28.46737913590695         358.6799024370896         164.6851377784385         73.63413793064232         16.16548980590894         4.589128073839488         0.6076610351286725        -4.787619183969489        -2.587657186685635        -1301.513745389831        -56479.19592303185        104190.7730644363         
45.96526915188632         74451.2146012366          0.7257056178965369        28.46737913590695         358.6799024370896         164.6851377784398         70.8739433888876          19.19442375750751         5.524013325709905         0.9633289805009431        -4.636197545532729        -2.501132450964773        -1301.513745389817        -56479.19592303129        104190.7730644353         
52.02548743946266         74451.21460122296         0.7257056178964799        28.46737913590695         358.6799024370896         164.6851377784392         68.42263789671972         22.01976343565732         6.430373178554524         1.263114608010621         -4.469724643978364        -2.407146866160802        -1301.513745389821        -56479.19592303102        104190.7730644348         
57.65554995447705         74451.21460121615         0.7257056178964514        28.46737913590693         358.6799024370896         164.6851377784382         66.17183411163805         24.75233730009469         7.342979856037177         1.522106660677854         -4.290829331879099        -2.306936983930614        -1301.513745389821        -56479.19592303089        104190.7730644346         
63.00030961834174         74451.2146012123          0.7257056178964358        28.46737913590695         358.6799024370896         164.685137778437          64.06307451597993         27.45835177823078         8.285719289145476         1.748244777858703         -4.101001590746216        -2.201211306627831        -1301.513745389791        -56479.1959230308         104190.7730644344         
68.73417042976889         74451.21460120726         0.7257056178964153        28.46737913590695         358.6799024370896         164.6851377784336         61.83653417683583         30.50157163862914         9.397210235889148         1.967202710556651         -3.87761082199388         -2.077381649016506        -1301.513745389799        -56479.19592303067        104190.7730644342         
73.73358867905336         74451.21460120731         0.7257056178964154        28.46737913590695         358.6799024370896         164.6851377784326         59.93057491069425         33.29087973952656         10.46811503237388         2.136468067581016         -3.667859017744381        -1.961566072633943        -1301.513745389806        -56479.19592303065        104190.7730644342         
79.00809216887843         74451.21460121067         0.7257056178964296        28.46737913590693         358.6799024370896         164.6851377784302         57.96168109159611         36.39078974528248         11.72189030948666         2.291692587074966         -3.433286954340946        -1.832471451515651        -1301.513745389791        -56479.1959230307         104190.7730644343         
84.12503357667906         74451.21460121679         0.725705617896455         28.46737913590695         358.6799024370896         164.6851377784284         56.09975789034953         39.57361535804345         13.0843655182345          2.418143406265526         -3.194539560209297        -1.701472919427538        -1301.513745389777        -56479.19592303084        104190.7730644345         
89.07993597754117         74451.2146012249          0.7257056178964881        28.46737913590693         358.6799024370896         164.6851377784272         54.34986981038023         42.84307231820046         14.56906502979441         2.51697319336954          -2.954669001233171        -1.570210579964027        -1301.513745389777        -56479.19592303101        104190.7730644348         
93.89539518722123         74451.21460123418         0.7257056178965263        28.46737913590693         358.6799024370896         164.6851377784267         52.70799373996642         46.22082040435688         16.19966867208237         2.590045213244637         -2.71508196549965         -1.439423688099281        -1301.513745389777        -56479.19592303121        104190.7730644352         
98.59186780902333         74451.21460124427         0.725705617896568         28.46737913590695         358.6799024370896         164.6851377784267         51.17229260883122         49.73001471862114         18.00428149664389         2.638995985419673         -2.476905545756837        -1.309702769632008        -1301.513745389799        -56479.19592303146        104190.7730644357         
103.1840530991208         74451.21460125466         0.7257056178966108        28.46737913590695         358.6799024370896         164.6851377784274         49.74450732049803         53.39253220767747         20.01471817443179         2.665231917510516         -2.241260003939025        -1.181637522024098        -1301.513745389813        -56479.19592303172        104190.7730644361         
107.6739108490886         74451.21460126461         0.7257056178966509        28.46737913590695         358.6799024370896         164.6851377784288         48.43193954195645         57.22191399269076         22.26265238363387         2.670043287836157         -2.009691653250664        -1.056050045054119        -1301.513745389835        -56479.19592303201        104190.7730644366         
112.0399523325635         74451.21460127275         0.7257056178966835        28.46737913590696         358.6799024370896         164.6851377784307         47.24934965450162         61.20973653592011         24.76961603333891         2.654931533883524         -1.784757144029273        -0.9343074791089074       -1301.51374538985         -56479.19592303226        104190.7730644371         
116.2417160183387         74451.21460127796         0.7257056178967041        28.46737913590695         358.6799024370896         164.6851377784326         46.21509130195577         65.32195280086782         27.53964734566128         2.622042969610171         -1.569745916947799        -0.8181661362086636       -1301.513745389842        -56479.19592303244        104190.7730644374         
120.2503722606365         74451.2146012802          0.7257056178967128        28.46737913590695         358.6799024370896         164.6851377784342         45.34143866074798         69.52381859335384         30.5710615291671          2.574056218256422         -1.367026069129751        -0.708876241806239        -1301.513745389857        -56479.19592303256        104190.7730644377         
124.0670238985125         74451.21460128047         0.7257056178967134        28.46737913590693         358.6799024370896         164.6851377784354         44.63190739566721         73.80344940429367         33.87386536815448         2.513511999660184         -1.177124885360184        -0.6066918859530988       -1301.513745389857        -56479.19592303261        104190.7730644378         
127.710807199363          74451.21460127953         0.725705617896709         28.46737913590695         358.6799024370896         164.6851377784363         44.08714104095798         78.16753107248525         37.47117825819794         2.442437877036465         -0.9994422474191117       -0.5112624320732475       -1301.513745389857        -56479.19592303262        104190.7730644378         
129.9999999926026         74451.21460127953         0.7257056178967087        28.46737913590695         358.6799024370896         164.6851377784363         43.8222550902887          81.0591174649952          39.98447610628307         2.391283444774868         -0.8899495815914117       -0.4525482163249076       -1301.513745389857        -56479.19592303263        104190.7730644378         
